0.000
1.113
2.122
2.934
3.478
3.711
3.624
3.242
2.616
1.823
0.951
0.091
-0.674
-1.279
-1.682
-1.867
-1.845
-1.651
-1.337
-0.962
-0.588
-0.266
-0.036
0.082
0.088
0.000
-0.151
-0.324
-0.477
-0.574
-0.588
-0.507
-0.336
-0.092
0.193
0.485
0.743
0.936
1.040
1.043
0.951
0.779
0.556
0.314
0.087
-0.093
-0.207
-0.245
-0.210
-0.120
0.000
0.120
0.210
0.245
0.207
0.093
-0.087
-0.314
-0.556
-0.779
-0.951
-1.043
-1.040
-0.936
-0.743
-0.485
-0.193
0.092
0.336
0.507
0.588
0.574
0.477
0.324
0.151
0.000
-0.088
-0.082
0.036
0.266
0.588
0.962
1.337
1.651
1.845
1.867
1.682
1.279
0.674
-0.091
-0.951
-1.823
-2.616
-3.242
-3.624
-3.711
-3.478
-2.934
-2.122
-1.113
-0.000
